0	1	0
1	1	0
1	2	1112.2831
1	3	2827.2654
2	3	2572.68044
3	3	-2267
1	4	1720.4491
2	4	7073.9156
3	4	1153.7603
1	5	1336.3592
2	5	5512.1325
3	5	5266.1325
4	5	18
1	6	961.6395
2	6	4878.5199
3	6	5332.3312
4	6	4487.2478
5	6	-467
1	7	940
2	7	4123.0578
3	7	5606.4401
4	7	5371.5487
5	7	3558.7055
2	8	3924.521
3	8	5159.7124
4	8	7062.4356
5	8	4717.1551
6	8	3101.5242
2	9	3349.038
3	9	5037.7685
4	9	6462.6693
5	9	6257.0713
6	9	4337.4233
2	10	2995.134
3	10	4531.3512
4	10	6497.6306
5	10	6475.0835
6	10	6032.0426
7	10	3643.6724
3	11	4155.3817
4	11	5952.5402
5	11	6927.7323
6	11	6676.4563
7	11	5358.4023
8	11	3162.4372
3	12	3791.5999
4	12	5720.7223
5	12	6631.2237
6	12	7680.1446
7	12	6170.11
8	12	4881.9755
3	13	3507.6307
4	13	5241.4359
5	13	6496.4194
6	13	7469.8495
7	13	7238.8634
8	13	5811.7636
9	13	4297
4	14	4993.8973
5	14	6101.6451
6	14	7520.3198
7	14	7475.6148
8	14	7052.2783
9	14	5285.2091
4	15	4540.9708
5	15	5880.0438
6	15	7100.1696
7	15	7699.4603
8	15	7463.6915
9	15	6497.4597
10	15	4868.7285
4	16	4285.2851
5	16	5507.3535
6	16	6922.0546
7	16	7373.7971
8	16	7976.2072
9	16	6964.049
10	16	6083.1777
5	17	5269.6677
6	17	6558.0262
7	17	7286.2294
8	17	7750.7291
9	17	7542.3284
10	17	6640.4991
11	17	5522.7653
5	18	4976.6306
6	18	6426.1321
7	18	7038.5627
8	18	7767.0981
9	18	7631.6383
10	18	7341.2577
11	18	6202.2176
5	19	4719.6346
6	19	6118.274
7	19	6948.5452
8	19	7566.4952
9	19	7779.0192
10	19	7567.3431
11	19	6937.8864
12	19	5901.4992
5	20	4405.6529
6	20	5961.4356
7	20	6709.1717
8	20	7568.5707
9	20	7720.1351
10	20	8032.2412
11	20	7298.5028
12	20	6728.0252
5	21	4152.5265
6	21	5674
7	21	6609.0159
8	21	7389.3747
9	21	7738.2934
10	21	7971.7136
11	21	7765.5581
12	21	7105.0317
13	21	6297
6	22	5421.0778
7	22	6378.5347
8	22	7364.8722
9	22	7624.2954
10	22	8080.4656
11	22	7915.6624
12	22	7662.7645
13	22	6782
14	22	6044
6	23	5077
7	23	6236.6721
8	23	7163.4856
9	23	7622.3447
10	23	7955.2561
11	23	8111.4936
12	23	7901.1229
13	23	7335.7275
14	23	6554
7	24	5887
8	24	7039.6855
9	24	7463.5831
10	24	7993.3252
11	24	8063.4882
12	24	8260.7103
13	24	7649.5806
14	24	7167.2329
15	24	6165
7	25	5613
8	25	6727.8058
9	25	7336.3065
10	25	7839.7994
11	25	8101.3979
12	25	8223.5028
13	25	8021.1366
14	25	7480.1109
15	25	6794
8	26	6497.479
9	26	7082.2497
10	26	7751.911
11	26	8004.2013
12	26	8333.8711
13	26	8149.7653
14	26	7924.7083
15	26	7198
16	26	6525
8	27	6185
9	27	6879.6662
10	27	7520.4151
11	27	7956.9467
12	27	8263.8525
13	27	8331.5533
14	27	8124.342
15	27	7661.0894
16	27	6960
8	28	5988
9	28	6626.8567
10	28	7388.3463
11	28	7799.2644
12	28	8272.4531
13	28	8309.8969
14	28	8447.7445
15	28	7907.4842
16	28	7478.7911
17	28	6587
9	29	6444.0314
10	29	7167.0673
11	29	7682.1522
12	29	8113.5317
13	29	8348.4647
14	29	8448.6361
15	29	8251.2368
16	29	7746.3826
17	29	7129
18	29	6276
9	30	6205
10	30	7034.5317
11	30	7501.9685
12	30	8054.425
13	30	8261.1049
14	30	8520.6549
15	30	8353.5064
16	30	8122.7081
17	30	7472.1698
18	30	6866
9	31	6011
10	31	6813.0902
11	31	7398.6778
12	31	7869.1886
13	31	8225.518
14	31	8458.2916
15	31	8481.1677
16	31	8281.8013
17	31	7869.2101
18	31	7252
19	31	6487
10	32	6671
11	32	7219.8815
12	32	7803.8411
13	32	8100.3449
14	32	8481.469
15	32	8464.1203
16	32	8493.1301
17	32	8072.4058
18	32	7700.0089
19	32	6920
10	33	6436
11	33	7089.9262
12	33	7636.4382
13	33	8020.6172
14	33	8361.0596
15	33	8513.8073
16	33	8497.6304
17	33	8304.7557
18	33	7928.9559
19	33	7392
20	33	6657
10	34	6287
11	34	6886.4377
12	34	7550.3919
13	34	7860.3506
14	34	8337.1659
15	34	8448.1856
16	34	8583.4986
17	34	8398.9706
18	34	8197.6724
19	34	7670
20	34	7173
11	35	6745
12	35	7356.2338
13	35	7787.1243
14	35	8169.5644
15	35	8446.2496
16	35	8537.8511
17	35	8520.279
18	35	8327.4621
19	35	7965.8409
20	35	7476
21	35	6828
11	36	6557
12	36	7244.4202
13	36	7623.5154
14	36	8112.5199
15	36	8307.8692
16	36	8575.39
17	36	8521.9322
18	36	8519.9096
19	36	8142.2233
20	36	7815.8799
21	36	7166
11	37	6403
12	37	7055.1115
13	37	7531.316
14	37	7952.9033
15	37	8267.5561
16	37	8459.9363
17	37	8570.2816
18	37	8527.1406
19	37	8339.848
20	37	8003.4567
21	37	7525
22	37	6926
11	38	6216
12	38	6928
13	38	7370
14	38	7892.8297
15	38	8147.2749
16	38	8448.7829
17	38	8505.4817
18	38	8614.2807
19	38	8438.0593
20	38	8240.0434
21	38	7751
22	38	7319
11	39	6056
12	39	6734
13	39	7260
14	39	7730.9793
15	39	8097.9701
16	39	8344.2698
17	39	8494.4032
18	39	8562.5988
19	39	8557.0258
20	39	8369.6711
21	39	8013.4575
22	39	7566
23	39	7031
12	40	6598
13	40	7097
14	40	7655.8247
15	40	7981.4177
16	40	8329.3255
17	40	8427.766
18	40	8595.2594
19	40	8538.0907
20	40	8551.3046
21	40	8173.6697
22	40	7865.8632
23	40	7310
12	41	6425
13	41	6980
14	41	7482
15	41	7906.5513
16	41	8229.6358
17	41	8412.9593
18	41	8534.3733
19	41	8576.0731
20	41	8546.7075
21	41	8369.1979
22	41	8034.3889
23	41	7625
24	41	7116
13	42	6829
14	42	7410
15	42	7765.9122
16	42	8193.2275
17	42	8345.8864
18	42	8555.6141
19	42	8551.2571
20	42	8616.5646
21	42	8444.9303
22	42	8259.24
23	42	7824
24	42	7456
13	43	6712
14	43	7251
15	43	7681
16	43	8063.8276
17	43	8323.8672
18	43	8488.2382
19	43	8576.2204
20	43	8600.6653
21	43	8530.8265
22	43	8352.8054
23	43	8069.5129
24	43	7680
25	43	7213
14	44	7156
15	44	7552
16	44	7996.0154
17	44	8234.4788
18	44	8493.8411
19	44	8546.7023
20	44	8658.1769
21	44	8557.3805
22	44	8533.5215
23	44	8203.4567
24	44	7949.6265
25	44	7457
14	45	7004
15	45	7456
16	45	7867
17	45	8181.5991
18	45	8419.9526
19	45	8554.6747
20	45	8630.5467
21	45	8618.941
22	45	8555.7321
23	45	8380.0394
24	45	8087.7286
25	45	7747
26	45	7299
15	46	7320
16	46	7785
17	46	8080.7757
18	46	8412.3835
19	46	8518.0428
20	46	8668.9848
21	46	8622.0215
22	46	8656.4623
23	46	8486.1423
24	46	8303.8233
25	46	7916.0805
26	46	7603
15	47	7209
16	47	7652
17	47	7992
18	47	8311.425
19	47	8514.8795
20	47	8639.3548
21	47	8665.0958
22	47	8661.2325
23	47	8582.2348
24	47	8407.2067
25	47	8135.3117
26	47	7790
27	47	7396
16	48	7552
17	48	7883
18	48	8243.6656
19	48	8434.2324
20	48	8666.6916
21	48	8656.2097
22	48	8723.0122
23	48	8623.0686
24	48	8572.2553
25	48	8274.1924
26	48	8022.7254
27	48	7595
28	48	7236
16	49	7400
17	49	7785
18	49	8132
19	49	8372.2753
20	49	8594.85
21	49	8686.2805
22	49	8711.1625
23	49	8682.9135
24	49	8613.2777
25	49	8439.915
26	49	8161.3121
27	49	7840
28	49	7450
17	50	7651
18	50	8054
19	50	8288.5833
20	50	8550.1639
21	50	8633.4747
22	50	8755.7227
23	50	8695.9032
24	50	8701.0188
25	50	8532.6823
26	50	8354.0268
27	50	8000.6387
28	50	7702
17	51	7530
18	51	7922
19	51	8221.335
20	51	8476.9135
21	51	8597.2213
22	51	8708.9912
23	51	8742.0852
24	51	8711.9923
25	51	8633.7602
26	51	8460.4977
27	51	8193.2549
28	51	7870
17	52	7386
18	52	7827
19	52	8115.0303
20	52	8429.3821
21	52	8534.6695
22	52	8691.8193
23	52	8714.569
24	52	8775.9946
25	52	8670.4087
26	52	8609.6079
27	52	8325.5606
28	52	8083.8977
29	52	7671
18	53	7677
19	53	8022.8488
20	53	8330.5778
21	53	8492.8325
22	53	8631.1256
23	53	8710.1425
24	53	8760.2103
25	53	8734.1798
26	53	8648.7985
27	53	8477.6578
28	53	8217.0749
29	53	7891
18	54	7578
19	54	7891
20	54	8247.4967
21	54	8404.8115
22	54	8599.6917
23	54	8662.1382
24	54	8777.9672
25	54	8737.9768
26	54	8736.3846
27	54	8569.2199
28	54	8393.0328
29	54	8045
30	54	7742
19	55	7792
20	55	8125.926
21	55	8333.3694
22	55	8518.9696
23	55	8637.3391
24	55	8731.9362
25	55	8765.0247
26	55	8746.5981
27	55	8669.6204
28	55	8497.3225
29	55	8233.997
30	55	7904
19	56	7663
20	56	8033.1654
21	56	8233.5781
22	56	8467.9495
23	56	8574.7006
24	56	8723.2609
25	56	8738.3358
26	56	8790.3563
27	56	8694.8386
28	56	8642.7811
29	56	8355.9907
30	56	8106
31	56	7707
19	57	7563
20	57	7912
21	57	8158.1666
22	57	8372.9008
23	57	8535.1967
24	57	8663.3998
25	57	8736.7146
26	57	8770.2829
27	57	8741.8845
28	57	8670.9364
29	57	8503.2646
30	57	8231
31	57	7916
19	58	7437
20	58	7828
21	58	8054.9436
22	58	8307.629
23	58	8458.156
24	58	8643.9987
25	58	8696.6438
26	58	8792.2534
27	58	8738.9719
28	58	8732.0621
29	58	8570.9696
30	58	8395.9467
31	58	8059
32	58	7770
19	59	7332
20	59	7708
21	59	7976.4073
22	59	8218
23	59	8403.8034
24	59	8568.5995
25	59	8680.9224
26	59	8754.7746
27	59	8768.0379
28	59	8736.5912
29	59	8642.0027
30	59	8473.7802
31	59	8232
32	59	7924
20	60	7627
21	60	7873
22	60	8152.7858
23	60	8322.8751
24	60	8540.1876
25	60	8628.1392
26	60	8755.8539
27	60	8746.7692
28	60	8780.7769
29	60	8665.6047
30	60	8583.0524
31	60	8327
32	60	8113
33	60	7735
20	61	7503
21	61	7794
22	61	8058
23	61	8271.0417
24	61	8460.1734
25	61	8598.9157
26	61	8703.7686
27	61	8756.151
28	61	8765.0281
29	61	8715.5148
30	61	8610.3098
31	61	8446.4313
32	61	8215
33	61	7930
21	62	7688
22	62	7990
23	62	8187.7565
24	62	8427.3871
25	62	8538.5002
26	62	8692.8831
27	62	8721.3347
28	62	8794.5555
29	62	8718.0839
30	62	8679.3451
31	62	8518.6449
32	62	8347
33	62	8049
21	63	7603
22	63	7891
23	63	8130.7809
24	63	8347.5398
25	63	8505.102
26	63	8631.5499
27	63	8717.7972
28	63	8763.4955
29	63	8752.1404
30	63	8686.2866
31	63	8583.9267
32	63	8418.7167
33	63	8193
34	63	7917
22	64	7826
23	64	8045
24	64	8303.5626
25	64	8437.4175
26	64	8612.3888
27	64	8675.5223
28	64	8777.4637
29	64	8739.0736
30	64	8735.9057
31	64	8611.6317
32	64	8528.8243
33	64	8286
34	64	8075
22	65	7726
23	65	7981
24	65	8218
25	65	8400.6822
26	65	8546.347
27	65	8656.8848
28	65	8736.2424
29	65	8757.0967
30	65	8724.266
31	65	8662.1601
32	65	8555.0584
33	65	8396.2351
34	65	8170
35	65	7904
23	66	7894
24	66	8168
25	66	8331.7986
26	66	8521.7245
27	66	8605.9419
28	66	8739.5086
29	66	8731.473
30	66	8759.6335
31	66	8669.3631
32	66	8625.4383
33	66	8468.4034
34	66	8300
35	66	8014
23	67	7829
24	67	8079
25	67	8281
26	67	8449.9359
27	67	8581.7422
28	67	8695.7505
29	67	8737.4597
30	67	8734.1534
31	67	8707.533
32	67	8633.0884
33	67	8530.5685
34	67	8369.5344
35	67	8148
36	67	7883
24	68	8026
25	68	8209
26	68	8418
27	68	8520.1301
28	68	8682.4667
29	68	8701.8913
30	68	8755.682
31	68	8701.2195
32	68	8688.1371
33	68	8557.7457
34	68	8477.0482
35	68	8239
36	68	8034
24	69	7939
25	69	8155
26	69	8345
27	69	8495.4062
28	69	8623.0998
29	69	8695.2044
30	69	8722.7311
31	69	8724.5798
32	69	8680.964
33	69	8611.8214
34	69	8503.7082
35	69	8344.9026
36	69	8129
24	70	7884
25	70	8084
26	70	8308
27	70	8434.198
28	70	8604.2917
29	70	8646.8655
30	70	8729.8086
31	70	8709.2808
32	70	8721.7028
33	70	8621.5541
34	70	8576.0338
35	70	8414.7964
36	70	8256
25	71	8030
26	71	8235
27	71	8398.7344
28	71	8543.1564
29	71	8635.0233
30	71	8689.0417
31	71	8717.605
32	71	8703.3118
33	71	8663.935
34	71	8586.0606
35	71	8481.4629
36	71	8327.131
37	71	8118
25	72	7955
26	72	8195
27	72	8338
28	72	8520.2118
29	72	8586.5256
30	72	8691.8053
31	72	8687.0893
32	72	8731.7459
33	72	8660.3786
34	72	8644.4902
35	72	8511.3126
36	72	8429.3193
37	72	8202
25	73	7895
26	73	8121
27	73	8302
28	73	8457.6529
29	73	8568.5699
30	73	8648.3455
31	73	8693.874
32	73	8705.05
33	73	8689.6099
34	73	8641.5591
35	73	8568.0803
36	73	8460.1847
37	73	8305.0821
38	73	8102
26	74	8076
27	74	8239
28	74	8433
29	74	8521.5633
30	74	8642.7547
31	74	8663.1676
32	74	8725.2011
33	74	8680.002
34	74	8687.7155
35	74	8583.5615
36	74	8533.039
37	74	8381.7123
38	74	8221
26	75	7996
27	75	8197
28	75	8369
29	75	8495.0801
30	75	8592.4981
31	75	8660.7565
32	75	8695.6096
33	75	8700.8748
34	75	8678.9139
35	75	8627.6497
36	75	8553.4399
37	75	8448.2762
38	75	8296.5116
39	75	8089
26	76	7943
27	76	8131
28	76	8338
29	76	8443.6018
30	76	8582.2735
31	76	8624.5272
32	76	8705.2364
33	76	8682.8172
34	76	8711.4781
35	76	8635.883
36	76	8608.8077
37	76	8486.2161
38	76	8393.9294
39	76	8173
27	77	8082
28	77	8272
29	77	8411.2501
30	77	8530.0037
31	77	8613.3907
32	77	8671.0293
33	77	8695.9789
34	77	8694.6908
35	77	8666.8073
36	77	8616.837
37	77	8537.3396
38	77	8435.9188
39	77	8278
40	77	8075
27	78	7997
28	78	8238
29	78	8354.6695
30	78	8507.38
31	78	8577.1043
32	78	8671.6636
33	78	8673.876
34	78	8717.8072
35	78	8661.9594
36	78	8661.2385
37	78	8558.3512
38	78	8500.0971
39	78	8349
40	78	8194
28	79	8150
29	79	8320.938
30	79	8450.5825
31	79	8556.0725
32	79	8634.5089
33	79	8676.6172
34	79	8695.5923
35	79	8687.5956
36	79	8657.113
37	79	8601.1401
38	79	8523.8558
39	79	8416.7788
40	79	8267
41	79	8066
28	80	8088
29	80	8246
30	80	8423.5457
31	80	8508.4545
32	80	8627.5707
33	80	8651.2824
34	80	8710.8142
35	80	8677.6541
36	80	8692.9301
37	80	8611.676
38	80	8578.5966
39	80	8454.2759
40	80	8365
41	80	8151
28	81	8000
29	81	8185
30	81	8351.9262
31	81	8483.3576
32	81	8580.6587
33	81	8648.0571
34	81	8685.9998
35	81	8695.9465
36	81	8682.8206
37	81	8645.5139
38	81	8587.3545
39	81	8505.9031
40	81	8395.1519
41	81	8248
42	81	8054
28	82	7935
29	82	8108
30	82	8301.1175
31	82	8421.0494
32	82	8563.7567
33	82	8611.4153
34	82	8693.1973
35	82	8682.4953
36	82	8710.6754
37	82	8647.4275
38	82	8635.719
39	82	8529.2762
40	82	8465.4666
41	82	8312
42	82	8163
29	83	8044
30	83	8226
31	83	8372.5756
32	83	8504.3462
33	83	8599.654
34	83	8658.556
35	83	8693.3852
36	83	8695.7295
37	83	8675.2193
38	83	8638.4076
39	83	8573.6571
40	83	8488.3997
41	83	8378.9889
42	83	8234
43	83	8043
29	84	7965
30	84	8171
31	84	8307.525
32	84	8465.5244
33	84	8547.9385
34	84	8658.7935
35	84	8671.3294
36	84	8717.4473
37	84	8676.2244
38	84	8677.5132
39	84	8587.7812
40	84	8549.0301
41	84	8417.9563
42	84	8325
43	84	8120
30	85	8090
31	85	8253.5687
32	85	8401.7689
33	85	8510.9851
34	85	8610.3045
35	85	8673.5926
36	85	8698.5633
37	85	8697.4416
38	85	8675.7193
39	85	8628.1486
40	85	8564.0394
41	85	8473.7117
42	85	8361.332
43	85	8215
44	85	8027
30	86	8032
31	86	8182
32	86	8354.63
33	86	8456.7215
34	86	8581.8224
35	86	8632.3659
36	86	8712.0295
37	86	8696.9014
38	86	8708.4566
39	86	8638.4293
40	86	8614.0523
41	86	8502.2231
42	86	8434.7175
43	86	8280
44	86	8133
31	87	8124
32	87	8285
33	87	8413.8521
34	87	8529.092
35	87	8605.9105
36	87	8675.284
37	87	8710.9843
38	87	8705.2363
39	87	8674.8451
40	87	8623.6545
41	87	8551.7579
42	87	8462.4243
43	87	8347.7449
44	87	8201
31	88	8050
32	88	8236
33	88	8351
34	88	8495.0045
35	88	8563.7479
36	88	8656.8499
37	88	8681.1154
38	88	8732.5958
39	88	8682.5396
40	88	8666.0339
41	88	8572.4013
42	88	8523.9087
43	88	8389.8338
44	88	8298
45	88	8090
32	89	8161
33	89	8304
34	89	8435.2799
35	89	8530.7802
36	89	8614.8158
37	89	8664.1895
38	89	8705.923
39	89	8714.011
40	89	8673.3865
41	89	8616.8184
42	89	8544.9851
43	89	8450.5758
44	89	8340.376
45	89	8189
32	90	8109
33	90	8240
34	90	8395.7672
35	90	8478.1865
36	90	8591.2599
37	90	8631.5262
38	90	8696.0043
39	90	8693.3778
40	90	8709.9699
41	90	8633.377
42	90	8597.0285
43	90	8483.36
44	90	8409.7684
45	90	8254
46	90	8113
33	91	8189
34	91	8334.8382
35	91	8441.9242
36	91	8541.7519
37	91	8607.5621
38	91	8663.8759
39	91	8684.9421
40	91	8693.3149
41	91	8670.8983
42	91	8613.6286
43	91	8536.6558
44	91	8442.9287
45	91	8328
46	91	8183
33	92	8121
34	92	8290
35	92	8384.9123
36	92	8512.675
37	92	8569.4225
38	92	8648.907
39	92	8661.5894
40	92	8692.6783
41	92	8662.3731
42	92	8657.7312
43	92	8563.544
44	92	8504.774
45	92	8373.4211
46	92	8275.5695
47	92	8080
34	93	8225
35	93	8345.5986
36	93	8458.1085
37	93	8540.9209
38	93	8612.7875
39	93	8648.9054
40	93	8671.6207
41	93	8664.1849
42	93	8651.4095
43	93	8608.5782
44	93	8531.4627
45	93	8434.8255
46	93	8318.5637
47	93	8175
34	94	8180
35	94	8287
36	94	8424.3318
37	94	8492.7644
38	94	8593.8344
39	94	8622.8068
40	94	8666.8016
41	94	8648.9014
42	94	8662.3341
43	94	8608.7373
44	94	8583.662
45	94	8472.4033
46	94	8391.6832
47	94	8238
48	94	8102
34	95	8112
35	95	8245
36	95	8365.9963
37	95	8460.1967
38	95	8549.0875
39	95	8604.9644
40	95	8643.5924
41	95	8647.2133
42	95	8648.7212
43	95	8622.6911
44	95	8587.4706
45	95	8525.3707
46	95	8428.9807
47	95	8315
48	95	8171
35	96	8184
36	96	8330.8721
37	96	8408.8963
38	96	8521.2041
39	96	8569.4269
40	96	8635.3283
41	96	8628.8868
42	96	8653.988
43	96	8614.8673
44	96	8609.413
45	96	8534.6735
46	96	8490.0207
47	96	8360.2903
48	96	8259
49	96	8069
35	97	8140
36	97	8269.8645
37	97	8376.1872
38	97	8471.8489
39	97	8541.4616
40	97	8603.7182
41	97	8623.1384
42	97	8635.0926
43	97	8623.7254
44	97	8604.2799
45	97	8559.8949
46	97	8502.4303
47	97	8423.2121
48	97	8310.3013
49	97	8165
35	98	8078
36	98	8234
37	98	8330.7294
38	98	8445.7385
39	98	8497.6162
40	98	8581.3984
41	98	8596.3016
42	98	8635.1691
43	98	8610.0047
44	98	8620.314
45	98	8560.8038
46	98	8533.8999
47	98	8441.6866
48	98	8378.2953
49	98	8230
36	99	8175
37	99	8295.301
38	99	8402.5235
39	99	8476.6938
40	99	8539.225
41	99	8578.9859
42	99	8607.7982
43	99	8613.6105
44	99	8608.7132
45	99	8580.1959
46	99	8537.9332
47	99	8474.7744
48	99	8398.3734
49	99	8304
50	99	8161
36	100	8134
37	100	8244.5085
38	100	8372.2012
39	100	8439.4151
40	100	8522.1066
41	100	8548.4683
42	100	8604.6626
43	100	8595.1184
44	100	8619.3593
45	100	8575.1732
46	100	8563.5652
47	100	8484.9947
48	100	8437.7375
49	100	8329.7495
50	100	8251.626
36	101	8075
37	101	8206.1753
38	101	8324.7411
39	101	8413.3305
40	101	8485.8439
41	101	8534.8355
42	101	8572.9159
43	101	8593.1366
44	101	8601.366
45	101	8588.2172
46	101	8560.8644
47	101	8512.5465
48	101	8450.3657
49	101	8370.426
50	101	8281.103
37	102	8152.7443
38	102	8291.2213
39	102	8371.9172
40	102	8466.294
41	102	8504.8675
42	102	8568.3994
43	102	8570.6514
44	102	8607.4275
45	102	8576.9818
46	102	8580.2887
47	102	8517.165
48	102	8484.1322
49	102	8388.5719
50	102	8324.4313
51	102	8181
37	103	8112
38	103	8242
39	103	8342.6336
40	103	8425.8337
41	103	8488.332
42	103	8538.2672
43	103	8566.1045
44	103	8584.3656
45	103	8584.1927
46	103	8571.0173
47	103	8537.652
48	103	8489.7547
49	103	8423.7199
50	103	8343
51	103	8234
37	104	8057
38	104	8206
39	104	8298
40	104	8402.3159
41	104	8453.3832
42	104	8527.9063
43	104	8541.107
44	104	8587.3998
45	104	8568.9501
46	104	8584.8485
47	104	8536.185
48	104	8517.6232
49	104	8435.238
50	104	8383.9114
51	104	8258
52	104	8157.3256
38	105	8152
39	105	8262
40	105	8358.598
41	105	8431.6925
42	105	8494.863
43	105	8534.6074
44	105	8561.9016
45	105	8572.7053
46	105	8570.6509
47	105	8550.3708
48	105	8516.8532
49	105	8464.7045
50	105	8397.229
51	105	8300.9923
52	105	8186.8368
38	106	8114
39	106	8215
40	106	8330
41	106	8393.2657
42	106	8479.5202
43	106	8506.557
44	106	8560.9406
45	106	8553.9317
46	106	8579.9934
47	106	8544.6397
48	106	8539.0492
49	106	8470.1213
50	106	8432.0383
51	106	8322.0124
52	106	8236.7682
53	106	8089
38	107	8057
39	107	8178
40	107	8284
41	107	8367.0898
42	107	8442.219
43	107	8492.8979
44	107	8533.3676
45	107	8554.104
46	107	8560.8946
47	107	8553.9012
48	107	8533.3524
49	107	8494.0439
50	107	8439.4946
51	107	8358.7344
52	107	8258
53	107	8146
39	108	8129
40	108	8253
41	108	8325.6604
42	108	8422.1581
43	108	8462.8172
44	108	8527.2267
45	108	8532.6657
46	108	8567.0241
47	108	8542.0262
48	108	8550.0196
49	108	8495.2516
50	108	8469.0273
51	108	8372.6666
52	108	8303.7221
53	108	8176
54	108	8074.8886
39	109	8089
40	109	8204
41	109	8297.1307
42	109	8381.4163
43	109	8444.1796
44	109	8496.228
45	109	8528.1404
46	109	8544.8825
47	109	8547.9155
48	109	8538.7646
49	109	8513.1027
50	109	8470.5183
51	109	8404.8161
52	109	8319.3305
53	109	8220.0164
54	109	8107.3071
40	110	8171
41	110	8255.2607
42	110	8359.293
43	110	8411.2603
44	110	8486.3123
45	110	8504.2551
46	110	8547.163
47	110	8532.1089
48	110	8551.2755
49	110	8508.9087
50	110	8496.0875
51	110	8412.6821
52	110	8358.116
53	110	8244.0767
54	110	8159.2808
40	111	8118
41	111	8223
42	111	8315.2932
43	111	8390.0906
44	111	8452.9582
45	111	8495.6267
46	111	8521.7498
47	111	8534.7878
48	111	8537.0801
49	111	8522.2824
50	111	8493.131
51	111	8440.1203
52	111	8367.7635
53	111	8282.9343
54	111	8182
55	111	8070
40	112	8081
41	112	8178
42	112	8291
43	112	8353.6217
44	112	8439.2431
45	112	8468.8666
46	112	8520.7205
47	112	8516.0807
48	112	8544.7306
49	112	8514.6674
50	112	8513.6189
51	112	8443.633
52	112	8400.6527
53	112	8299.8801
54	112	8230.0646
55	112	8102
40	113	8027
41	113	8143
42	113	8246
43	113	8329.4652
44	113	8402.6857
45	113	8456.8165
46	113	8492.5795
47	113	8516.066
48	113	8526.9874
49	113	8522.9297
50	113	8506.8117
51	113	8465.2762
52	113	8404.6366
53	113	8333.7528
54	113	8247.9277
55	113	8148.623
56	113	8035
41	114	8097
42	114	8219
43	114	8290.2599
44	114	8385.3351
45	114	8426.6221
46	114	8488.0056
47	114	8493.7786
48	114	8531.5135
49	114	8511.9742
50	114	8522.5671
51	114	8462.5191
52	114	8432.7885
53	114	8344.779
54	114	8289.2054
55	114	8173.5711
56	114	8089.6865
41	115	8061
42	115	8173
43	115	8264
44	115	8346.814
45	115	8410.6538
46	115	8457.7342
47	115	8490.5553
48	115	8510.7252
49	115	8516.5472
50	115	8514.0702
51	115	8480.9156
52	115	8431.1504
53	115	8374.5651
54	115	8300.9704
55	115	8216
56	115	8116
41	116	8012
42	116	8143
43	116	8223
44	116	8326.884
45	116	8377.6123
46	116	8449.2755
47	116	8465.9073
48	116	8512.3511
49	116	8501.6177
50	116	8523.1166
51	116	8475.8208
52	116	8455.6435
53	116	8381.2858
54	116	8336.8365
55	116	8235
56	116	8162
57	116	8032
42	117	8096
43	117	8195
44	117	8285.5625
45	117	8359.2766
46	117	8416.9243
47	117	8459.4515
48	117	8488.974
49	117	8503.8653
50	117	8509.612
51	117	8487.8981
52	117	8450.9203
53	117	8404.4307
54	117	8344.2976
55	117	8271.8652
56	117	8187.9546
57	117	8086
42	118	8067
43	118	8153
44	118	8263
45	118	8322.8539
46	118	8405.2197
47	118	8433.89
48	118	8487.835
49	118	8485.667
50	118	8516.5341
51	118	8478.9156
52	118	8469.697
53	118	8406.1203
54	118	8374.9819
55	118	8286.4053
56	118	8227
57	118	8114
42	119	8019
43	119	8126
44	119	8220
45	119	8303.3953
46	119	8368.9594
47	119	8423.2126
48	119	8461.4381
49	119	8486.1387
50	119	8499.4494
51	119	8487.9218
52	119	8462.0785
53	119	8426.8924
54	119	8378.442
55	119	8317.3347
56	119	8245.9287
57	119	8159
58	119	8058
43	120	8083
44	120	8199
45	120	8266
46	120	8357.0817
47	120	8395.3281
48	120	8458.024
49	120	8466.2575
50	120	8504.488
51	120	8475.63
52	120	8476.9857
53	120	8423.6745
54	120	8404.0322
55	120	8328.4811
56	120	8280.2949
57	120	8179
58	120	8108
43	121	8054
44	121	8156
45	121	8245.2397
46	121	8320.8584
47	121	8382.3306
48	121	8430.9972
49	121	8463.8767
50	121	8485.1964
51	121	8482.0574
52	121	8466.8641
53	121	8441.4111
54	121	8403.8326
55	121	8352.9152
56	121	8293.9083
57	121	8217
58	121	8132
59	121	8033
43	122	8011
44	122	8132
45	122	8208
46	122	8305.9755
47	122	8352.7591
48	122	8424.2667
49	122	8442.1079
50	122	8487.8968
51	122	8468.3222
52	122	8478.1315
53	122	8437.0139
54	122	8424.6644
55	122	8359.1515
56	122	8323.7567
57	122	8235
58	122	8174
59	122	8060
44	123	8089
45	123	8185
46	123	8270.0318
47	123	8337.9707
48	123	8395.3955
49	123	8437.9362
50	123	8467.2313
51	123	8472.3196
52	123	8465.537
53	123	8449.1896
54	123	8420.9239
55	123	8380.3796
56	123	8330.2086
57	123	8267
58	123	8193
59	123	8104
44	124	8065
45	124	8148
46	124	8252
47	124	8308.8958
48	124	8387.0179
49	124	8414.3243
50	124	8467.3997
51	124	8456.1517
52	124	8473.2705
53	124	8441.4807
54	124	8437.6138
55	124	8383.5114
56	124	8355.8209
57	124	8278.2926
58	124	8229
59	124	8128
60	124	8054
44	125	8023
45	125	8124
46	125	8215
47	125	8293.3151
48	125	8357.6815
49	125	8407.9365
50	125	8445.5285
51	125	8458.1612
52	125	8458.0361
53	125	8450.2911
54	125	8430.939
55	125	8399.8033
56	125	8358.1784
57	125	8304.6438
58	125	8242
59	125	8167
60	125	8080
45	126	8087
46	126	8197
47	126	8261
48	126	8346.7393
49	126	8384.6067
50	126	8443.5227
51	126	8440.3136
52	126	8463.2397
53	126	8439.9379
54	126	8443.5375
55	126	8399.2673
56	126	8379.7187
57	126	8312.4268
58	126	8273.2581
59	126	8184
60	126	8122
61	126	8008
45	127	8060
46	127	8160
47	127	8244
48	127	8316.8971
49	127	8374.8212
50	127	8420.5482
51	127	8439.811
52	127	8446.109
53	127	8445.482
54	127	8434.1066
55	127	8411.5617
56	127	8378.456
57	127	8333.5412
58	127	8280.7922
59	127	8216
60	127	8142
61	127	8052
45	128	8010
46	128	8137
47	128	8211
48	128	8303.2367
49	128	8351.4361
50	128	8416.9749
51	128	8420.7724
52	128	8448.7536
53	128	8432.8309
54	128	8443.3008
55	128	8406.4953
56	128	8395.9878
57	128	8337.1904
58	128	8306.9259
59	128	8228.9141
60	128	8177
61	128	8075
62	128	7998
46	129	8086
47	129	8188
48	129	8269.5311
49	129	8338.759
50	129	8392.8161
51	129	8418.0598
52	129	8430.4098
53	129	8435.9908
54	129	8431.3904
55	129	8416.0465
56	129	8391.0811
57	129	8356.0449
58	129	8310.9411
59	129	8254.3808
60	129	8191
61	129	8114
62	129	8023
46	130	8046
47	130	8142
48	130	8252.5868
49	130	8314.176
50	130	8386.817
51	130	8397.3641
52	130	8430.3251
53	130	8421.1011
54	130	8437.7314
55	130	8408.7848
56	130	8405.513
57	130	8356.1919
58	130	8333.2164
59	130	8263.7565
60	130	8222.5136
61	130	8131
62	130	8065
63	130	7950
46	131	7993
47	131	8102
48	131	8206.1204
49	131	8297.9544
50	131	8362.5183
51	131	8392.5525
52	131	8411.2339
53	131	8422.2977
54	131	8423.7367
55	131	8415.0317
56	131	8398.5511
57	131	8370.3676
58	131	8333.3969
59	131	8286.1439
60	131	8230.3045
61	131	8163
62	131	8085
63	131	7996
47	132	8053
48	132	8169.1421
49	132	8253.7162
50	132	8354.8726
51	132	8372.3452
52	132	8408.4859
53	132	8406.4628
54	132	8427.6229
55	132	8405.5878
56	132	8409.3747
57	132	8367.7559
58	132	8352.3223
59	132	8291.5377
60	132	8256.8104
61	132	8177
62	132	8122
63	132	8018
47	133	8013
48	133	8121
49	133	8217
50	133	8310.089
51	133	8364.7302
52	133	8389.0255
53	133	8405.0993
54	133	8412.6477
55	133	8409.9786
56	133	8400.2059
57	133	8378.8415
58	133	8349.8301
59	133	8310.2588
60	133	8262.232
61	133	8204.2841
62	133	8137
63	133	8056
64	133	7966
48	134	8086
49	134	8173
50	134	8275.1719
51	134	8325.9398
52	134	8383.6442
53	134	8389.0722
54	134	8413.6994
55	134	8398.647
56	134	8408.1731
57	134	8374.4888
58	134	8365.7716
59	134	8312.8817
60	134	8285.5391
61	134	8213.4131
62	134	8167
63	134	8075
64	134	8008
48	135	8036
49	135	8136
50	135	8230.6877
51	135	8291.9894
52	135	8345.7384
53	135	8384.7609
54	135	8398.4783
55	135	8401.3393
56	135	8397.5345
57	135	8382.7972
58	135	8361.9861
59	135	8328.9284
60	135	8288.1536
61	135	8236.7933
62	135	8177.627
63	135	8107
64	135	8028
65	135	7939
49	136	8091
50	136	8197
51	136	8252.2533
52	136	8319.4301
53	136	8351.3242
54	136	8396.1889
55	136	8389.7723
56	136	8402.7566
57	136	8376.0512
58	136	8373.7624
59	136	8330.0089
60	136	8308.5127
61	136	8243.7207
62	136	8205.9165
63	136	8122
64	136	8064
65	136	7961
49	137	8053
50	137	8152
51	137	8218.4764
52	137	8280.2357
53	137	8326.0033
54	137	8364.2865
55	137	8388.9581
56	137	8391.8288
57	137	8381.8807
58	137	8367.2497
59	137	8341.7074
60	137	8309.5892
61	137	8263.6516
62	137	8213.5527
63	137	8150.5738
64	137	8080
65	137	7999
50	138	8118
51	138	8178
52	138	8252.5786
53	138	8292.445
54	138	8344.6913
55	138	8360.1437
56	138	8393.4222
57	138	8375.0835
58	138	8377.0408
59	138	8339.2195
60	138	8325.4946
61	138	8268.3558
62	138	8237.9286
63	138	8161.6211
64	138	8112
65	138	8019
66	138	7950
50	139	8073
51	139	8144
52	139	8211.7716
53	139	8265.61
54	139	8311.5904
55	139	8342.3397
56	139	8367.0194
57	139	8377.9987
58	139	8370.4664
59	139	8349.5208
60	139	8323.6642
61	139	8285.5473
62	139	8243.0786
63	139	8187.2187
64	139	8126
65	139	8052
66	139	7971
50	140	8038
51	140	8103
52	140	8183.3567
53	140	8229.474
54	140	8290.8875
55	140	8314.3227
56	140	8353.15
57	140	8355.0201
58	140	8376.3045
59	140	8346.5163
60	140	8337.864
61	140	8289.0958
62	140	8263.8211
63	140	8197.733
64	140	8154.9757
65	140	8068.6732
66	140	8008
67	140	7906
51	141	8069
52	141	8142
53	141	8202.2562
54	141	8255.3647
55	141	8294.3554
56	141	8326.0774
57	141	8343.205
58	141	8355.3956
59	141	8353.9852
60	141	8335.5074
61	141	8303.9405
62	141	8265.846
63	141	8217.6853
64	141	8164.609
65	141	8097.4761
66	141	8027
67	141	7943
51	142	8027
52	142	8113
53	142	8165.2517
54	142	8233.1695
55	142	8264.8777
56	142	8310.9718
57	142	8320.8263
58	142	8347.07
59	142	8336.3032
60	142	8346.031
61	142	8306.6587
62	142	8285.9407
63	142	8226.396
64	142	8190.2569
65	142	8111.508
66	142	8061
67	142	7965
68	142	7893
52	143	8070
53	143	8137
54	143	8196.8855
55	143	8243.6707
56	143	8281.9878
57	143	8306.1271
58	143	8324.6765
59	143	8329.428
60	143	8330.4893
61	143	8317.7341
62	143	8288.1825
63	143	8245.8177
64	143	8198.3188
65	143	8138.2176
66	143	8075.0527
67	143	7999
68	143	7917
52	144	8040
53	144	8098
54	144	8172.8845
55	144	8211.8894
56	144	8265.4549
57	144	8281.4283
58	144	8314.7612
59	144	8311.5411
60	144	8326.9237
61	144	8305.2969
62	144	8303.68
63	144	8254.1744
64	144	8221.9382
65	144	8151.2877
66	144	8105.5902
67	144	8017.0977
68	144	7956
69	144	7850
52	145	7998
53	145	8069
54	145	8135.0877
55	145	8188.7342
56	145	8234.7991
57	145	8266.0873
58	145	8289.8762
59	145	8302.1285
60	145	8309.1883
61	145	8302.6583
62	145	8293.0139
63	145	8269.2744
64	145	8228.9485
65	145	8178.5397
66	145	8116.8884
67	145	8048.5792
68	145	7975
69	145	7889
53	146	8031
54	146	8110.4154
55	146	8155.4365
56	146	8215.5293
57	146	8239.9988
58	146	8278.5081
59	146	8280.325
60	146	8304.0927
61	146	8288.655
62	146	8293.8581
63	146	8261.9327
64	146	8249.5072
65	146	8187.1474
66	146	8146.1128
67	146	8063.2426
68	146	8010.5127
69	146	7914
53	147	8001
54	147	8072
55	147	8131.801
56	147	8183.2405
57	147	8221.5536
58	147	8252.5274
59	147	8270.54
60	147	8283.6036
61	147	8284.3712
62	147	8280.5734
63	147	8263.5409
64	147	8243.3366
65	147	8206.625
66	147	8156.768
67	147	8094.0381
68	147	8026.476
69	147	7948.8178
54	148	8047
55	148	8097.5469
56	148	8164.1118
57	148	8193.7165
58	148	8240.3876
59	148	8249.5409
60	148	8277.1778
61	148	8268.2283
62	148	8279.6326
63	148	8253.8155
64	148	8248.3398
65	148	8204.3207
66	148	8180.943
67	148	8108.9797
68	148	8059.6924
69	148	7968.5011
70	148	7906
54	149	8009
55	149	8073
56	149	8131.8495
57	149	8176.1915
58	149	8214.2294
59	149	8238.304
60	149	8255.4437
61	149	8261.5277
62	149	8263.4683
63	149	8253.556
64	149	8239.4856
65	149	8209.8153
66	149	8179.0972
67	149	8133.255
68	149	8074.9558
69	149	8004
70	149	7927
54	150	7983
55	150	8039
56	150	8111.8405
57	150	8149.4339
58	150	8201.123
59	150	8218.9316
60	150	8249.5789
61	150	8243.8125
62	150	8261.6235
63	150	8241.3481
64	150	8242.6103
65	150	8206.3396
66	150	8189.1495
67	150	8134.8423
68	150	8102.1962
69	150	8021
70	150	7965
71	150	7866
55	151	8013
56	151	8079
57	151	8129.0436
58	151	8176.2779
59	151	8207.8824
60	151	8230.2741
61	151	8241.2723
62	151	8243.9735
63	151	8239.2998
64	151	8231.0446
65	151	8208.8743
66	151	8184.6789
67	151	8145.5267
68	151	8104.8723
69	151	8050.0576
70	151	7983.7556
71	151	7904
55	152	7980
56	152	8057
57	152	8102
58	152	8161
59	152	8187.1049
60	152	8224.0078
61	152	8226.1293
62	152	8244.0645
63	152	8226.5854
64	152	8233.4042
65	152	8202.0072
66	152	8192.9171
67	152	8144.9193
68	152	8119.3485
69	152	8056.4387
70	152	8015.4371
71	152	7926
56	153	8023
57	153	8081
58	153	8134
59	153	8172.0371
60	153	8204.5832
61	153	8221.1536
62	153	8228.5373
63	153	8228.7011
64	153	8220.4209
65	153	8205.0504
66	153	8185.7514
67	153	8153.6372
68	153	8118.8154
69	153	8071.2571
70	153	8022
71	153	7959.0882
72	153	7882
56	154	8001
57	154	8051
58	154	8116
59	154	8147.2994
60	154	8192.3491
61	154	8204.717
62	154	8226.8379
63	154	8217.1006
64	154	8224.7996
65	154	8196.6697
66	154	8193.1305
67	154	8150.6825
68	154	8132.3919
69	154	8074.209
70	154	8039.9402
71	154	7968
72	154	7918
57	155	8028
58	155	8087
59	155	8131.0398
60	155	8170.305
61	155	8195.2977
62	155	8211.2258
63	155	8216.676
64	155	8213.2541
65	155	8202.9173
66	155	8184.357
67	155	8159.2055
68	155	8129.4444
69	155	8088.376
70	155	8043.8234
71	155	7987.4369
72	155	7929
73	155	7858
57	156	7997
58	156	8068
59	156	8105.2337
60	156	8156.3265
61	156	8176.7263
62	156	8205.0054
63	156	8204.6192
64	156	8215.3253
65	156	8194.6415
66	156	8192.4366
67	156	8155.428
68	156	8141.9084
69	156	8089.6032
70	156	8061.7107
71	156	7995.3752
72	156	7952.6676
73	156	7872
57	157	7972
58	157	8037
59	157	8085.817
60	157	8132.1671
61	157	8164.1458
62	157	8187.0642
63	157	8199.7975
64	157	8203.5072
65	157	8198.1416
66	157	8184.6287
67	157	8163.1373
68	157	8136.3757
69	157	8101.4285
70	157	8062.7551
71	157	8013.3128
72	157	7960
73	157	7896.0608
74	157	7828
58	158	8015
59	158	8059
60	158	8114.9529
61	158	8143.3622
62	158	8177.3075
63	158	8185.132
64	158	8201.8229
65	158	8189.1556
66	158	8190.1298
67	158	8158.4709
68	158	8147.927
69	158	8101.1994
70	158	8079.1999
71	158	8018.5685
72	158	7981.2764
73	158	7907
74	158	7855
58	159	7983
59	159	8037
60	159	8088.8224
61	159	8126.8601
62	159	8157.4963
63	159	8176.6987
64	159	8187.6177
65	159	8188.8025
66	159	8181.5842
67	159	8165.1066
68	159	8142.7742
69	159	8112.7549
70	159	8078.0428
71	159	8034.6009
72	159	7986.561
73	159	7928.7258
74	159	7867
75	159	7795
59	160	8009
60	160	8069.9662
61	160	8103.6398
62	160	8144.6159
63	160	8160.103
64	160	8183.0171
65	160	8177.4676
66	160	8184.0526
67	160	8158.6004
68	160	8151.7217
69	160	8110.8124
70	160	8092.5614
71	160	8038.3387
72	160	8006.3791
73	160	7938.2704
74	160	7892.7893
75	160	7810
59	161	7986
60	161	8042
61	161	8085.9977
62	161	8122.0418
63	161	8148.981
64	161	8167.1934
65	161	8174.4809
66	161	8173.3093
67	161	8163.1134
68	161	8145.8628
69	161	8120.4906
70	161	8090.3861
71	161	8052.7821
72	161	8009.1245
73	161	7957.45
74	161	7901
75	161	7836.3292
76	161	7765
60	162	8022
61	162	8061
62	162	8107.5745
63	162	8129.5593
64	162	8159.0373
65	162	8164.0773
66	162	8173.4555
67	162	8155.4126
68	162	8152.3959
69	162	8117.5868
70	162	8102.5333
71	162	8054.5596
72	162	8027.1171
73	162	7964.3432
74	162	7923.8214
75	162	7848
76	162	7794
60	163	7992
61	163	8042
62	163	8084.1653
63	163	8116.0172
64	163	8140.756
65	163	8155.6322
66	163	8161.784
67	163	8156.967
68	163	8144.7403
69	163	8124.9774
70	163	8099.1069
71	163	8066.6848
72	163	8028.0072
73	163	7981.8905
74	163	7930.3043
75	163	7870.8655
76	163	7807
77	163	7734
61	164	8014
62	164	8067.7803
63	164	8095.3686
64	164	8129.9978
65	164	8139.9304
66	164	8158.7129
67	164	8147.9234
68	164	8149.0191
69	164	8119.6534
70	164	8109.4149
71	164	8065.8043
72	164	8043.8142
73	164	7986.9978
74	164	7951.4515
75	164	7881.0523
76	164	7833.308
77	164	7750
61	165	7992
62	165	8041
63	165	8080.0529
64	165	8110.4428
65	165	8130.3259
66	165	8143.9083
67	165	8146.9591
68	165	8139.9348
69	165	8125.5489
70	165	8104.8399
71	165	8076.746
72	165	8042.8728
73	165	8003.0547
74	165	7955.9704
75	165	7901.5201
76	165	7843
77	165	7776
78	165	7703
62	166	8023
63	166	8056
64	166	8097.226
65	166	8113.223
66	166	8137.2793
67	166	8135.4933
68	166	8141.9479
69	166	8118.9357
70	166	8112.4591
71	166	8074.1756
72	166	8056.4386
73	166	8004.9714
74	166	7974.8951
75	166	7909.6392
76	166	7866.3371
77	166	7789
78	166	7733
62	167	7992
63	167	8038
64	167	8075.5428
65	167	8101.441
66	167	8120.8782
67	167	8130.3732
68	167	8131.7352
69	167	8122.5826
70	167	8106.202
71	167	8083.1722
72	167	8054.185
73	167	8018.8614
74	167	7976.7045
75	167	7929
76	167	7873.9557
77	167	7812.8254
78	167	7746
62	168	7971
63	168	8012
64	168	8060
65	168	8082.798
66	168	8112.5293
67	168	8116.8061
68	168	8129.5897
69	168	8114.9516
70	168	8111.887
71	168	8080.4026
72	168	8065.5536
73	168	8019.4287
74	168	7993.9327
75	168	7935.1208
76	168	7895.9408
77	168	7823.8509
78	168	7773.6217
79	168	7688
63	169	7991
64	169	8035
65	169	8069
66	169	8094.7566
67	169	8109.0622
68	169	8117.0078
69	169	8114.4702
70	169	8104.5206
71	169	8086.3233
72	169	8061.7791
73	169	8030.9577
74	169	7994.5381
75	169	7951.3963
76	169	7901.2862
77	169	7845.5944
78	169	7784
79	169	7716
63	170	7963
64	170	8017
65	170	8047
66	170	8084
67	170	8093.7902
68	170	8111.9529
69	170	8105.5144
70	170	8106.6101
71	170	8081.6686
72	170	8070.8762
73	170	8030.2965
74	170	8008.9482
75	170	7955.012
76	170	7921.1258
77	170	7853
78	170	7808.2365
79	170	7730
80	170	7671
64	171	7990
65	171	8030
66	171	8062
67	171	8083.6021
68	171	8097.7404
69	171	8101.8931
70	171	8097.8826
71	171	8084.6621
72	171	8066.0687
73	171	8039.7914
74	171	8008.1158
75	171	7969.4131
76	171	7924.1769
77	171	7873.4895
78	171	7816.6017
79	171	7754.1069
80	171	7686
64	172	7972
65	172	8006
66	172	8049
67	172	8066
68	172	8090.4052
69	172	8091.0367
70	172	8097.4295
71	172	8078.2334
72	172	8071.7439
73	172	8037.7056
74	172	8020.1757
75	172	7971.846
76	172	7942.1626
77	172	7880.2637
78	172	7839.246
79	172	7766.1587
80	172	7713.6064
65	173	7988
66	173	8026
67	173	8054
68	173	8074
69	173	8084.4633
70	173	8087.4276
71	173	8079.0312
72	173	8066.0164
73	173	8044.065
74	173	8018.3337
75	173	7983.9068
76	173	7944.0341
77	173	7898.068
78	173	7845.3856
79	173	7788.2348
80	173	7725
65	174	7963
66	174	8011
67	174	8034
68	174	8064
69	174	8070.6432
70	174	8083.8481
71	174	8071.454
72	174	8068.5341
73	174	8040.4528
74	174	8027.2572
75	174	7985.0944
76	174	7959.4618
77	174	7902.0377
78	174	7866.1143
79	174	7797
80	174	7749.7851
66	175	7986
67	175	8019
68	175	8045
69	175	8061.7673
70	175	8070.9253
71	175	8069.1412
72	175	8060.7625
73	175	8044.4456
74	175	8024.113
75	175	7994.8168
76	175	7960.7294
77	175	7917.9112
78	175	7869.5216
79	175	7817.5939
80	175	7759.2134
66	176	7969
67	176	7997
68	176	8034
69	176	8045.1214
70	176	8064.0853
71	176	8059.0209
72	176	8061.3604
73	176	8038.6706
74	176	8030.1131
75	176	7993.9707
76	176	7972.8681
77	176	7921.5522
78	176	7888.9934
79	176	7825.3837
80	176	7782.664
81	176	7707.9383
67	177	7980
68	177	8013
69	177	8035
70	177	8049.9741
71	177	8053.4495
72	177	8051.8365
73	177	8040.8289
74	177	8025.0359
75	177	8001.2229
76	177	7972.4371
77	177	7934.6328
78	177	7892.4896
79	177	7843.8623
80	177	7789.8947
81	177	7732.1655
67	178	7957
68	178	7999
69	178	8017
70	178	8042.7386
71	178	8042.0554
72	178	8049.4438
73	178	8035
74	178	8029.2584
75	178	7998.1576
76	178	7981.9128
77	178	7936.563
78	178	7908.253
79	178	7849.3946
80	178	7811.3607
81	178	7741
82	178	7690.8359
68	179	7976
69	179	8004
70	179	8026
71	179	8035.0744
72	179	8038.5474
73	179	8033.5869
74	179	8023.2821
75	179	8003.7666
76	179	7979.4844
77	179	7947.5248
78	179	7910.6759
79	179	7865.6374
80	179	7816.2631
81	179	7763.4942
82	179	7701.463
68	180	7960
69	180	7983
70	180	8016
71	180	8022.0394
72	180	8034.9319
73	180	8025.8864
74	180	8025.4434
75	180	7999.9922
76	180	7987.4171
77	180	7947.6337
78	180	7923.5781
79	180	7870.3194
80	180	7836.1111
81	180	7771.431
82	180	7725.6993
69	181	7969
70	181	7996
71	181	8011.9301
72	181	8022.003
73	181	8023.405
74	181	8017.9494
75	181	8004.1434
76	181	7983.4263
77	181	7956.5242
78	181	7924.1271
79	181	7883.8359
80	181	7839.6792
81	181	7791.9183
82	181	7734.0704
69	182	7948
70	182	7984
71	182	7996
72	182	8014.8381
73	182	8012.6332
74	182	8018.3096
75	182	7998.6264
76	182	7989.7287
77	182	7954.8948
78	182	7934.7541
79	182	7887.2442
80	182	7856.9726
81	182	7796.3571
82	182	7756.3296
70	183	7963
71	183	7984.8125
72	183	8000.0315
73	183	8006.74
74	183	8008.3234
75	183	8001.0101
76	183	7985.0087
77	183	7961.8176
78	183	7933.3406
79	183	7898.5644
80	183	7859.3885
81	183	7815.6741
82	183	7762.179
70	184	7951
71	184	7967
72	184	7990.7228
73	184	7993.7535
74	184	8005.0777
75	184	7992.7517
76	184	7988.6778
77	184	7959.1992
78	184	7942.5649
79	184	7900.1947
80	184	7874.3454
81	184	7818.6727
82	184	7782.7264
83	184	7712
70	185	7929
71	185	7955
72	185	7973.9711
73	185	7986.3615
74	185	7992.9083
75	185	7991.0101
76	185	7981.3047
77	185	7963.7226
78	185	7939.7779
79	185	7909.441
80	185	7874.5391
81	185	7835.5756
82	185	7786.933
83	185	7732
71	186	7936
72	186	7964.3032
73	186	7971.8357
74	186	7988.6026
75	186	7981.2713
76	186	7982.8324
77	186	7958.0473
78	186	7946.8094
79	186	7909.5409
80	186	7888.2605
81	186	7837.5161
82	186	7805.342
83	186	7739.1175
84	186	7695.9488
71	187	7923
72	187	7947
73	187	7963.2123
74	187	7975.1168
75	187	7977.9519
76	187	7973.7814
77	187	7960.6692
78	187	7941.1699
79	187	7917.4323
80	187	7886.9905
81	187	7852.465
82	187	7808.401
83	187	7758.2083
84	187	7704.7889
71	188	7903
72	188	7936
73	188	7948
74	188	7969.0532
75	188	7966.7481
76	188	7973.8656
77	188	7954.8512
78	188	7947.9027
79	188	7914.7537
80	188	7899.034
81	188	7853.0537
82	188	7824.8211
83	188	7764.1904
84	188	7724.6544
72	189	7917
73	189	7938
74	189	7954
75	189	7961.8105
76	189	7963.0029
77	189	7956.0214
78	189	7941.4045
79	189	7921.9876
80	189	7896.9192
81	189	7866.2704
82	189	7826.2999
83	189	7780.9999
84	189	7731.1321
72	190	7905
73	190	7922
74	190	7947.5031
75	190	7949.7759
76	190	7962.1047
77	190	7947.7017
78	190	7946.4941
79	190	7918.8345
80	190	7907.0174
81	190	7866.0345
82	190	7841.1294
83	190	7785.3239
84	190	7749.4526
73	191	7911
74	191	7931.4359
75	191	7943.9588
76	191	7950.5687
77	191	7948.1144
78	191	7938.7279
79	191	7924.6819
80	191	7903.8002
81	191	7877.1445
82	191	7841.6782
83	191	7800.6613
84	191	7753.7871
85	191	7702.9233
73	192	7894
74	192	7924
75	192	7930.2389
76	192	7948.526
77	192	7938.9999
78	192	7942.4923
79	192	7920.1033
80	192	7912.0666
81	192	7876.0167
82	192	7854.6482
83	192	7803.6084
84	192	7771.0542
85	192	7709.7283
73	193	7883
74	193	7907
75	193	7923.9378
76	193	7936.2716
77	193	7938.1346
78	193	7933.7875
79	193	7924.1648
80	193	7907.973
81	193	7885.3445
82	193	7854.0994
83	193	7817.1718
84	193	7773.951
85	193	7727.1099
86	193	7675.853
73	194	7865
74	194	7899
75	194	7909
76	194	7932.0232
77	194	7928.4885
78	194	7935.942
79	194	7918.7744
80	194	7914.5974
81	194	7883.5211
82	194	7865.4181
83	194	7819.1955
84	194	7789.2947
85	194	7732.2304
86	194	7694.9961
74	195	7881
75	195	7901
76	195	7917.7449
77	195	7924.916
78	195	7926.553
79	195	7921.3778
80	195	7909.398
81	195	7890.7293
82	195	7864.0647
83	195	7830.7579
84	195	7791.3155
85	195	7748.0914
86	195	7700.3841
74	196	7872
75	196	7886
76	196	7912.2301
77	196	7914.1487
78	196	7926.5297
79	196	7914.8553
80	196	7914.37
81	196	7888.29
82	196	7873.3374
83	196	7831.9009
84	196	7804.7445
85	196	7752.0001
86	196	7717.966
74	197	7853
75	197	7877
76	197	7897
77	197	7909.0003
78	197	7915.9714
79	197	7915.6548
80	197	7908.6402
81	197	7893.5725
82	197	7871.2822
83	197	7841.6348
84	197	7805.7136
85	197	7766.0174
86	197	7722.119
87	197	7673.764
75	198	7861
76	198	7890
77	198	7897
78	198	7914.1512
79	198	7908.5675
80	198	7911.5532
81	198	7890.3011
82	198	7878.9695
83	198	7841.2123
84	198	7817.5611
85	198	7769.3446
86	198	7737.7245
87	198	7679.1873
75	199	7850
76	199	7874
77	199	7891.2066
78	199	7902.3011
79	199	7906.9379
80	199	7905.2794
81	199	7893.8773
82	199	7875.7366
83	199	7849.5232
84	199	7817.6582
85	199	7781.4883
86	199	7741.0568
87	199	7695.2599
76	200	7867
77	200	7878
78	200	7899.1986
79	200	7898.4915
80	200	7905.8956
81	200	7889.7037
82	200	7881.8101
83	200	7848.4969
84	200	7827.4407
85	200	7783.7601
86	200	7754.9111
87	200	7700.3292
76	201	7849
77	201	7870
78	201	7885.8337
79	201	7895.1752
80	201	7897.5607
81	201	7891.2717
82	201	7877.8782
83	201	7854.8713
84	201	7826.5619
85	201	7794.1536
86	201	7757.0174
87	201	7714.8367
88	201	7669.4108
76	202	7839
77	202	7855
78	202	7881.5609
79	202	7885.91
80	202	7896.8505
81	202	7886.2206
82	202	7882.1505
83	202	7852.5857
84	202	7834.8053
85	202	7794.5637
86	202	7769.3018
87	202	7719.0125
88	202	7685.5684
76	203	7814
77	203	7845
78	203	7867
79	203	7880.865
80	203	7887.4828
81	203	7886.053
82	203	7877.397
83	203	7857.4762
84	203	7832.8632
85	203	7803.6487
86	203	7770.3437
87	203	7731.7092
88	203	7689.8015
77	204	7823
78	204	7859
79	204	7868
80	204	7885.5455
81	204	7880.0238
82	204	7879.9326
83	204	7854.2157
84	204	7839.0823
85	204	7803.5522
86	204	7780.5743
87	204	7734.6931
88	204	7704.1238
77	205	7805
78	205	7836
79	205	7860
80	205	7874.7325
81	205	7878.3946
82	205	7874.3313
83	205	7857.3218
84	205	7836.2168
85	205	7810.2694
86	205	7780.7226
87	205	7745.687
88	205	7707.1698
89	205	7662.8519
78	206	7820
79	206	7840
80	206	7869.1723
81	206	7871.7219
82	206	7875.362
83	206	7853.3249
84	206	7840.5973
85	206	7808.8904
86	206	7789.0417
87	206	7746.9621
88	206	7719.8028
89	206	7667.8538
78	207	7797
79	207	7824
80	207	7848.6112
81	207	7866.7979
82	207	7869.8664
83	207	7854.5053
84	207	7836.6734
85	207	7813.9653
86	207	7787.9987
87	207	7756.2689
88	207	7721.7503
89	207	7681.1001
78	208	7780
79	208	7803
80	208	7834.1914
81	208	7847.1835
82	208	7867.453
83	208	7849.8534
84	208	7839.3568
85	208	7811.5604
86	208	7794.2678
87	208	7756.8985
88	208	7732.0177
89	208	7684.8289
90	208	7652.5716
79	209	7786
80	209	7813
81	209	7833.3979
82	209	7848.6488
83	209	7847.9869
84	209	7835.1882
85	209	7814.7835
86	209	7792.1755
87	209	7763.7485
88	209	7733.0177
89	209	7695.8455
90	209	7656
79	210	7764
80	210	7799
81	210	7813.589
82	210	7835.9656
83	210	7832.5424
84	210	7834.3462
85	210	7811.6638
86	210	7796.6653
87	210	7763.1243
88	210	7741.3687
89	210	7698.0182
90	210	7669.0764
80	211	7777
81	211	7799.7915
82	211	7817.0079
83	211	7819.7745
84	211	7818.7842
85	211	7811.3545
86	211	7793.9412
87	211	7768.3613
88	211	7741.0887
89	211	7707.468
90	211	7671.8506
91	211	7629.3948
80	212	7762
81	212	7780
82	212	7804.3203
83	212	7803.314
84	212	7810.2438
85	212	7798.34
86	212	7794.7963
87	212	7766.8455
88	212	7747.5078
89	212	7708.4479
90	212	7682.0628
91	212	7633.6289
80	213	7739
81	213	7765.4311
82	213	7785.1732
83	213	7791.0217
84	213	7794.024
85	213	7790.0036
86	213	7782.1824
87	213	7768.4543
88	213	7746.4726
89	213	7715.5908
90	213	7683.847
91	213	7644.8027
80	214	7724
81	214	7745
82	214	7772.3955
83	214	7773.4955
84	214	7785.1163
85	214	7776.3632
86	214	7777.1023
87	214	7757.7393
88	214	7749.1719
89	214	7715.8874
90	214	7692.3173
91	214	7647.7037
80	215	7701
81	215	7730
82	215	7752.7381
83	215	7761.7177
84	215	7768.1768
85	215	7767.8627
86	215	7763.8164
87	215	7753.2607
88	215	7739.3249
89	215	7719.4137
90	215	7693.0266
91	215	7657.3733
92	215	7620.7821
80	216	7685
81	216	7709
82	216	7740
83	216	7743.4996
84	216	7758.8205
85	216	7753.0024
86	216	7758.6553
87	216	7742.4513
88	216	7737.3458
89	216	7711.2319
90	216	7697.6617
91	216	7659.2006
92	216	7631.3072
81	217	7693
82	217	7719
83	217	7731.8491
84	217	7741.3614
85	217	7744.6172
86	217	7744.4037
87	217	7737.775
88	217	7726.9122
89	217	7710.3448
90	217	7690.5945
91	217	7664.6438
92	217	7634
81	218	7672
82	218	7705
83	218	7712.828
84	218	7731.53
85	218	7729.1175
86	218	7738.7527
87	218	7726.7143
88	218	7725.0241
89	218	7702.145
90	218	7691.6026
91	218	7659.1935
92	218	7640.7191
82	219	7684
83	219	7700
84	219	7713.334
85	219	7720.197
86	219	7723.7784
87	219	7721.1759
88	219	7714.056
89	219	7700.5489
90	219	7683.7655
91	219	7661.3783
92	219	7636.2867
93	219	7604.6732
82	220	7670
83	220	7681
84	220	7703.2244
85	220	7703.7033
86	220	7717.2552
87	220	7709.743
88	220	7711.6879
89	220	7692.3515
90	220	7684.4964
91	220	7655.5364
92	220	7640
93	220	7602.0758
83	221	7668
84	221	7684.4814
85	221	7694.4754
86	221	7701.3941
87	221	7703.2572
88	221	7701.1352
89	221	7690.5039
90	221	7676.064
91	221	7656.9809
92	221	7634.6849
93	221	7607
94	221	7576
83	222	7648
84	222	7674.0054
85	222	7677.3878
86	222	7694.4991
87	222	7690.9474
88	222	7696.6931
89	222	7682.8015
90	222	7676.6592
91	222	7651.2373
92	222	7637.7651
93	222	7602.7013
94	222	7582
83	223	7636
84	223	7655
85	223	7668.0557
86	223	7678.172
87	223	7683.6655
88	223	7685.3101
89	223	7679.1479
90	223	7668.6426
91	223	7651.8957
92	223	7631.7611
93	223	7607.5654
94	223	7580
95	223	7547
83	224	7616
84	224	7644
85	224	7650.7354
86	224	7670.7514
87	224	7670.368
88	224	7679.9236
89	224	7670.1438
90	224	7667.7162
91	224	7646.9612
92	224	7635.0742
93	224	7603.5032
94	224	7586
95	224	7546
84	225	7626
85	225	7641
86	225	7654.3581
87	225	7662.9412
88	225	7667.5866
89	225	7665.6906
90	225	7659.2229
91	225	7646.6504
92	225	7629.7717
93	225	7607.4231
94	225	7583
95	225	7553
84	226	7614
85	226	7624
86	226	7646.4108
87	226	7648.3768
88	226	7661.9636
89	226	7655.6628
90	226	7657.1195
91	226	7641.1093
92	226	7631.9166
93	226	7604.1714
94	226	7588
95	226	7552
84	227	7596
85	227	7613
86	227	7630.0508
87	227	7640.7162
88	227	7648.3048
89	227	7650.7084
90	227	7647.4591
91	227	7639.4945
92	227	7626.2918
93	227	7607.2771
94	227	7585
95	227	7558
85	228	7596
86	228	7621.6457
87	228	7626.3689
88	228	7642.4289
89	228	7639.1973
90	228	7645.0807
91	228	7632.2076
92	228	7627.4763
93	228	7604
94	228	7590.4039
95	228	7557
85	229	7585
86	229	7605.6227
87	229	7618.338
88	229	7628.4862
89	229	7633.2446
90	229	7634.651
91	229	7629.8752
92	229	7620.7218
93	229	7605.9921
94	229	7586.8834
95	229	7562.5697
86	230	7595
87	230	7603.7052
88	230	7621.9144
89	230	7621.4604
90	230	7630.9974
91	230	7621.8958
92	230	7620.9227
93	230	7601.7751
94	230	7591.0016
95	230	7562
86	231	7579
87	231	7594.5009
88	231	7607.8418
89	231	7615.0768
90	231	7620.1188
91	231	7618.4267
92	231	7613.3879
93	231	7602.1321
94	231	7587.1224
95	231	7566
96	231	7542
87	232	7579.3481
88	232	7600.0099
89	232	7602.4245
90	232	7615.0338
91	232	7609.5072
92	232	7611.8984
93	232	7597
94	232	7588.9839
95	232	7564
96	232	7548
87	233	7569.2398
88	233	7585.5644
89	233	7595.1939
90	233	7602.8937
91	233	7604.8675
92	233	7603.9574
93	233	7596.1816
94	233	7583.7968
95	233	7567
96	233	7546.002
97	233	7519
88	234	7576.5439
89	234	7582.1297
90	234	7596.8557
91	234	7594.6837
92	234	7600.716
93	234	7589.6382
94	234	7584.6061
95	234	7564
96	234	7550.6868
97	234	7519
88	235	7561
89	235	7573.5051
90	235	7584.3862
91	235	7588.4139
92	235	7590.9151
93	235	7587.0571
94	235	7578.8799
95	235	7565.1582
96	235	7547
97	235	7524
89	236	7559.2423
90	236	7576.9688
91	236	7577.5573
92	236	7586.4854
93	236	7579.2148
94	236	7577.9192
95	236	7561
96	236	7550.309
97	236	7523
89	237	7550
90	237	7563.4433
91	237	7570.3847
92	237	7576.1026
93	237	7574.9895
94	237	7570.7599
95	237	7561
96	237	7546.6241
97	237	7527
98	237	7503.3507
90	238	7555
91	238	7558.3449
92	238	7570.1262
93	238	7566.222
94	238	7568.3611
95	238	7555.5853
96	238	7547.9966
97	238	7525
98	238	7509
90	239	7540
91	239	7550
92	239	7558.5624
93	239	7560.568
94	239	7560.3187
95	239	7553.6891
96	239	7543.0659
97	239	7527
98	239	7507
99	239	7481
91	240	7537
92	240	7551.7705
93	240	7550.1743
94	240	7556.0433
95	240	7547.0136
96	240	7542.8617
97	240	7523
98	240	7510.24
99	240	7481
91	241	7528
92	241	7539
93	241	7544.0426
94	241	7546.4395
95	241	7543.2795
96	241	7536.8488
97	241	7524
98	241	7507
99	241	7485
100	241	7459
92	242	7532
93	242	7533.4042
94	242	7541.3284
95	242	7534.9917
96	242	7534.504
97	242	7519
98	242	7509.0991
99	242	7483
100	242	7465
92	243	7518
93	243	7526
94	243	7531.0087
95	243	7530.1742
96	243	7526.9261
97	243	7517.5021
98	243	7505
99	243	7486
100	243	7464
93	244	7514
94	244	7524.8154
95	244	7521.3095
96	244	7523.9527
97	244	7511.4759
98	244	7505.1373
99	244	7483
100	244	7468
101	244	7438
93	245	7506
94	245	7513.2822
95	245	7515.3043
96	245	7515.7677
97	245	7509.2714
98	245	7499.6644
99	245	7485
100	245	7465
101	245	7441
94	246	7506.5401
95	246	7505
96	246	7511.4716
97	246	7502.8035
98	246	7499.122
99	246	7480.7849
100	246	7467.9608
101	246	7441
94	247	7493
95	247	7499
96	247	7501.9318
97	247	7498.9408
98	247	7493.2638
99	247	7480.1005
100	247	7464
101	247	7444
95	248	7487
96	248	7496.7291
97	248	7490.5975
98	248	7491.044
99	248	7476
100	248	7465.9451
101	248	7442
102	248	7424
95	249	7479
96	249	7485.551
97	249	7486.041
98	249	7483.3954
99	249	7474
100	249	7461.8649
101	249	7444.0169
102	249	7422
96	250	7478.9385
97	250	7475.9594
98	250	7479.9567
99	250	7469
100	250	7462.0905
101	250	7441.6533
102	250	7426
96	251	7466.7233
97	251	7469.2637
98	251	7470.5014
99	251	7465.8842
100	251	7457.0013
101	251	7441.9005
102	251	7423
103	251	7400
96	252	7460
97	252	7459
98	252	7465.3474
99	252	7457.2428
100	252	7456.0351
101	252	7438.4444
102	252	7425.7992
103	252	7400
97	253	7451
98	253	7454.8297
99	253	7452.8879
100	253	7448.4712
101	253	7438
102	253	7422.4719
103	253	7402.918
104	253	7380
97	254	7440
98	254	7449.2259
99	254	7443.5759
100	254	7444.7936
101	254	7432
102	254	7423.5909
103	254	7401.1306
104	254	7384
98	255	7438
99	255	7437.8216
100	255	7435.886
101	255	7428.7333
102	255	7417.9403
103	255	7402.5767
104	255	7382
105	255	7359
98	256	7432
99	256	7428
100	256	7431.7888
101	256	7421
102	256	7416.5429
103	256	7398.1605
104	256	7385.4349
105	256	7359
99	257	7422
100	257	7422.1942
101	257	7417.5845
102	257	7409.6587
103	257	7397
104	257	7381.7053
105	257	7361.9767
99	258	7412
100	258	7418
101	258	7409.6615
102	258	7407
103	258	7392
104	258	7382.5257
105	258	7359.4803
106	258	7342
100	259	7407
101	259	7405
102	259	7399.9714
103	259	7390
104	259	7377
105	259	7360.3626
106	259	7340
100	260	7402
101	260	7396
102	260	7397
103	260	7383
104	260	7377
105	260	7357
106	260	7342.5632
107	260	7314
101	261	7391
102	261	7388
103	261	7381
104	261	7371.3858
105	261	7357
106	261	7339.771
107	261	7317.3313
101	262	7382
102	262	7385
103	262	7374
104	262	7370
105	262	7352
106	262	7341.1736
107	262	7315.7331
102	263	7376
103	263	7371
104	263	7364
105	263	7352
106	263	7337
107	263	7318
108	263	7295
102	264	7371
103	264	7363
104	264	7361
105	264	7346
106	264	7338
107	264	7315
108	264	7298.3762
103	265	7359
104	265	7354
105	265	7345
106	265	7333
107	265	7316
108	265	7296.2474
109	265	7272
103	266	7349
104	266	7351
105	266	7339
106	266	7332
107	266	7313
108	266	7298.2611
109	266	7270.7598
104	267	7342
105	267	7337
106	267	7327
107	267	7313
108	267	7295
109	267	7273
110	267	7248
104	268	7337
105	268	7328
106	268	7326
107	268	7309
108	268	7297
109	268	7271
110	268	7252
105	269	7323
106	269	7318
107	269	7309
108	269	7294
109	269	7274
110	269	7250.1551
105	270	7314
106	270	7314
107	270	7301
108	270	7295
109	270	7271
110	270	7253.7634
106	271	7305
107	271	7298
108	271	7288
109	271	7273
110	271	7252
106	272	7301
107	272	7290
108	272	7286
109	272	7267
110	272	7255
111	272	7227
106	273	7292
107	273	7286
108	273	7279
109	273	7265
110	273	7250
111	273	7230
107	274	7278
108	274	7276
109	274	7259
110	274	7249
111	274	7227
107	275	7273
108	275	7268
109	275	7257
110	275	7243
111	275	7227
107	276	7265
108	276	7265
109	276	7250
110	276	7243
111	276	7223
112	276	7209
107	277	7260
108	277	7256
109	277	7247
110	277	7237
111	277	7222
112	277	7205
107	278	7251
108	278	7252
109	278	7240
110	278	7236
111	278	7218
112	278	7206
113	278	7181
108	279	7243
109	279	7237
110	279	7229
111	279	7216
112	279	7202
113	279	7183
108	280	7239
109	280	7229
110	280	7227
111	280	7212
112	280	7202
113	280	7180
109	281	7225
110	281	7220
111	281	7209
112	281	7197
113	281	7181
109	282	7218
110	282	7217
111	282	7204
112	282	7197
113	282	7177
110	283	7210
111	283	7201
112	283	7192
113	283	7177
110	284	7207
111	284	7195
112	284	7191
113	284	7173
114	284	7163
111	285	7192
112	285	7185
113	285	7172
114	285	7159
111	286	7185
112	286	7183
113	286	7168
114	286	7159
112	287	7176
113	287	7166
114	287	7155
115	287	7139
112	288	7174
113	288	7160
114	288	7154
115	288	7135
113	289	7158
114	289	7149
115	289	7135
116	289	7119
113	290	7152
114	290	7147
115	290	7131
116	290	7120
114	291	7141
115	291	7129
116	291	7116
117	291	7098
115	292	7124
116	292	7116
117	292	7095
116	293	7111
117	293	7095
118	293	7078
117	294	7092
118	294	7079
118	295	7076